## USB port
port: /dev/ttyACM0


##### Calibration ####
### accelerometer
accel_x_min: -250.0
accel_x_max: 250.0
accel_y_min: -250.0
accel_y_max: 250.0
accel_z_min: -250.0
accel_z_max: 250.0

### magnetometer
# standard calibration
magn_x_min: -600.0
magn_x_max: 600.0
magn_y_min: -600.0
magn_y_max: 600.0
magn_z_min: -600.0
magn_z_max: 600.0

# extended calibration
# Home
#calibration_magn_use_extended: true
#magn_ellipsoid_center: [339.111, -435.077, -650.828]
#magn_ellipsoid_transform: [[0.996503, -0.00985477, 0.00487170], [-0.00650863, 0.998473, 0.00863579], [0.00487170, 0.0545952, 0.926063]]

# LAB
#calibration_magn_use_extended: true
#magn_ellipsoid_center: [326.660, -496.281, -622.900]
#magn_ellipsoid_transform: [[0.802685, -0.0987689, -0.0716192], [-0.0987689, 0.693346, 0.164869], [-0.0716192, 0.164869, 0.817372]]

# MPEB Corridor
#calibration_magn_use_extended: true
#magn_ellipsoid_center: [341.589, -483.516, -624.337]
#magn_ellipsoid_transform: [[0.997072, -0.00730061, -0.00682034], [-0.00730061, 0.934199, 0.0344627], [-0.00682034, 0.0344627, 0.928455]]

#HOME1
#calibration_magn_use_extended: true
#magn_ellipsoid_center: [-112.589, -474.339, -502.132]
#magn_ellipsoid_transform: [[0.941456, 0.00699288, 0.00523861], [0.00699288, 0.977762, 0.0245577], [0.00523861, 0.0245577, 0.969899]]

calibration_magn_use_extended: true
magn_ellipsoid_center: [-133.789, -427.062, -588.824]
magn_ellipsoid_transform: [[0.827898, 0.0444361, 0.0185851], [0.0444361, 0.955654, 0.0931553], [0.0185851, 0.0931553, 0.706110]]


# AHRS to robot calibration
imu_yaw_calibration: 0.0

### gyroscope
gyro_average_offset_x: -0.01
gyro_average_offset_y: 0.0
gyro_average_offset_z: 0.01
